%YAML:1.0
---

combineStyle: "image_mask"
rgb_path: ""
depth_path: ""
mask_path: ""
output_path: ""


# rgb_depth
K: !!opencv-matrix
   rows: 3
   cols: 3
   dt: d
   data: [ 1798.7772, 0, 943.3438, 0, 1799.3103, 733.2229, 0, 0, 1]   
# data: [ fx, 0, cx, 0, fy, cy, 0, 0, 1]  
# fx: 1798.7772
# fy: 1799.3103
# px: 943.3438
# py: 733.2229

# image mask
mask_alpha: 0.5
mask_value: [2, 4, 9, 12, 17]